../img_align_celeba/img_align_celeba/001268.jpg 40,83,139,181,0,0.999962 11,179,54,218,0,0.003810 122,102,161,157,0,0.001262 164,144,178,197,0,0.001234
../img_align_celeba/img_align_celeba/004335.jpg 43,93,137,169,0,0.999867 95,49,139,110,0,0.004764 0,177,31,218,0,0.001579 139,119,178,172,0,0.001376 13,170,57,218,0,0.001103
../img_align_celeba/img_align_celeba/002570.jpg 38,78,143,183,0,0.999967 123,129,163,181,0,0.007195 121,102,163,156,0,0.002240 139,111,178,163,0,0.001302
../img_align_celeba/img_align_celeba/003108.jpg 49,86,136,174,0,0.999887 10,26,57,82,0,0.004024 0,24,33,82,0,0.003374 124,54,164,105,0,0.003064 139,61,178,113,0,0.002452 123,26,163,82,0,0.002263 0,0,32,47,0,0.001482 0,50,32,106,0,0.001261
../img_align_celeba/img_align_celeba/000940.jpg 33,74,143,189,0,0.999976 122,28,163,80,0,0.001807
../img_align_celeba/img_align_celeba/000198.jpg 40,79,142,184,0,0.999963 122,178,163,218,0,0.002548 132,135,172,189,0,0.001496
../img_align_celeba/img_align_celeba/001903.jpg 42,80,141,184,0,0.999967 122,35,165,88,0,0.003415 0,152,33,207,0,0.002071
../img_align_celeba/img_align_celeba/001031.jpg 35,76,145,184,0,0.999967 0,85,32,139,0,0.036121 0,111,31,163,0,0.009585 0,59,32,113,0,0.002427 139,145,178,197,0,0.001973 124,139,162,188,0,0.001695 139,179,178,218,0,0.001169 122,110,164,165,0,0.001010
../img_align_celeba/img_align_celeba/004578.jpg 37,79,142,185,0,0.999972 146,134,178,191,0,0.002016 122,167,164,218,0,0.001061 122,0,166,65,0,0.001057
../img_align_celeba/img_align_celeba/001430.jpg 39,75,138,186,0,0.999938 12,161,56,214,0,0.002706 0,102,32,156,0,0.002450
../img_align_celeba/img_align_celeba/000399.jpg 42,80,142,183,0,0.999956 14,65,58,125,0,0.001233
../img_align_celeba/img_align_celeba/000065.jpg 38,76,143,188,0,0.999954
../img_align_celeba/img_align_celeba/002177.jpg 39,80,143,185,0,0.999972 131,76,174,131,0,0.008836 5,93,49,149,0,0.006247 5,69,50,123,0,0.006108 98,36,142,88,0,0.003105 131,52,173,105,0,0.002736 131,144,172,198,0,0.002135 100,0,140,57,0,0.002042 121,118,164,174,0,0.001169
../img_align_celeba/img_align_celeba/000083.jpg 34,75,147,187,0,0.999974 0,136,31,188,0,0.005270 0,162,31,213,0,0.001041
../img_align_celeba/img_align_celeba/003434.jpg 35,78,140,183,0,0.999964 144,110,178,172,0,0.018639 148,75,178,146,0,0.014449 101,103,178,179,0,0.004783
../img_align_celeba/img_align_celeba/004627.jpg 38,78,144,182,0,0.999943 63,37,149,128,0,0.011081 0,128,32,181,0,0.001348
../img_align_celeba/img_align_celeba/003510.jpg 47,73,130,186,0,0.999964 131,82,174,141,0,0.004121 123,110,163,166,0,0.002287 122,28,162,82,0,0.002180 124,60,164,113,0,0.001489
../img_align_celeba/img_align_celeba/003066.jpg 43,75,138,186,0,0.999971 6,86,49,142,0,0.026930 13,120,57,170,0,0.001081
../img_align_celeba/img_align_celeba/001139.jpg 35,87,145,177,0,0.999949 0,35,32,88,0,0.003630 139,92,178,149,0,0.001940 122,10,162,66,0,0.001933
../img_align_celeba/img_align_celeba/002644.jpg 40,81,144,184,0,0.999961 12,98,60,166,0,0.001576
../img_align_celeba/img_align_celeba/002868.jpg 43,82,140,185,0,0.999964 13,99,58,158,0,0.001632
../img_align_celeba/img_align_celeba/002330.jpg 47,77,133,185,0,0.999961
../img_align_celeba/img_align_celeba/001631.jpg 37,78,142,186,0,0.999967 123,151,164,207,0,0.005314 121,120,163,172,0,0.001092
../img_align_celeba/img_align_celeba/001356.jpg 40,80,142,182,0,0.999961 122,27,164,79,0,0.007817
../img_align_celeba/img_align_celeba/001324.jpg 45,83,137,176,0,0.999907 89,92,143,160,0,0.003803 14,112,57,169,0,0.001055
../img_align_celeba/img_align_celeba/003542.jpg 44,80,135,185,0,0.999967 0,67,31,124,0,0.034110 0,0,34,58,0,0.004585 0,34,32,89,0,0.002220 131,102,173,155,0,0.001220 164,102,178,155,0,0.001017
../img_align_celeba/img_align_celeba/004498.jpg 50,84,128,179,0,0.999904 121,33,163,92,0,0.182298 122,59,165,114,0,0.038734 0,56,40,121,0,0.034232 0,83,31,140,0,0.015423 13,85,57,140,0,0.005198 124,135,164,190,0,0.002523 122,9,165,63,0,0.001848 163,85,178,139,0,0.001798
../img_align_celeba/img_align_celeba/003695.jpg 48,77,136,182,0,0.999953 123,37,165,89,0,0.019372 5,73,49,134,0,0.003012 123,60,163,114,0,0.002483 96,25,142,82,0,0.002061 0,176,32,218,0,0.001390 14,93,57,152,0,0.001344 13,52,58,106,0,0.001338
../img_align_celeba/img_align_celeba/001246.jpg 42,70,135,191,0,0.999963 144,77,178,133,0,0.005502 113,3,157,55,0,0.004458 14,161,56,217,0,0.003618 123,132,164,193,0,0.001885 139,109,178,165,0,0.001767 0,134,32,190,0,0.001013
../img_align_celeba/img_align_celeba/004177.jpg 42,80,138,186,0,0.999964 0,111,30,163,0,0.009772 13,145,57,198,0,0.002984 0,134,23,190,0,0.001448 0,86,30,137,0,0.001019
../img_align_celeba/img_align_celeba/002757.jpg 46,80,135,184,0,0.999959 48,44,138,122,0,0.009558 124,61,164,115,0,0.004069 163,85,178,139,0,0.002393 94,52,141,112,0,0.002223 163,110,178,164,0,0.001604 118,135,178,212,0,0.001446
../img_align_celeba/img_align_celeba/003589.jpg 32,84,147,181,0,0.999971 0,52,31,105,0,0.001954 0,102,32,154,0,0.001286
../img_align_celeba/img_align_celeba/002672.jpg 40,80,141,185,0,0.999965 13,27,56,81,0,0.002913 0,126,32,181,0,0.002283 139,27,178,80,0,0.001884
../img_align_celeba/img_align_celeba/004051.jpg 44,79,135,184,0,0.999962
../img_align_celeba/img_align_celeba/000836.jpg 31,78,150,184,0,0.999973
../img_align_celeba/img_align_celeba/002961.jpg 43,80,135,184,0,0.999970 123,144,162,197,0,0.019607 123,167,164,218,0,0.003536 132,18,172,72,0,0.001550
../img_align_celeba/img_align_celeba/003277.jpg 45,83,138,181,0,0.999948 0,104,32,157,0,0.004116 130,76,174,129,0,0.002899 0,76,30,131,0,0.001706 163,135,178,189,0,0.001001
../img_align_celeba/img_align_celeba/001985.jpg 44,77,140,186,0,0.999962 0,52,32,106,0,0.057047 150,46,178,99,0,0.025279 143,148,178,197,0,0.017735 0,78,38,132,0,0.005516 122,70,163,122,0,0.002886 13,31,58,80,0,0.001226
../img_align_celeba/img_align_celeba/004925.jpg 36,87,146,178,0,0.999961 123,35,162,90,0,0.002835
../img_align_celeba/img_align_celeba/000231.jpg 41,78,138,184,0,0.999969 0,78,32,131,0,0.008708 0,0,33,47,0,0.008331 0,51,32,108,0,0.007262 0,25,32,81,0,0.005819 150,78,178,139,0,0.002958 122,103,163,155,0,0.001371
../img_align_celeba/img_align_celeba/000478.jpg 42,85,138,181,0,0.999966
../img_align_celeba/img_align_celeba/004908.jpg 46,75,133,188,0,0.999962 123,127,163,183,0,0.005602 123,20,165,70,0,0.002483 14,153,57,207,0,0.002273 122,104,162,156,0,0.002247 123,45,164,96,0,0.002241 15,18,56,71,0,0.001971 13,119,56,171,0,0.001635
../img_align_celeba/img_align_celeba/003209.jpg 39,79,145,186,0,0.999900 123,170,164,218,0,0.001980 52,27,149,127,0,0.001679 0,76,33,131,0,0.001665
../img_align_celeba/img_align_celeba/001950.jpg 40,79,143,186,0,0.999965 123,51,166,106,0,0.028409 0,17,33,73,0,0.015750 0,51,33,106,0,0.012266 124,77,165,131,0,0.010722 0,144,32,197,0,0.008626 124,170,163,218,0,0.003099 0,101,24,157,0,0.002785 0,76,31,130,0,0.001683 5,169,49,218,0,0.001562 163,86,178,138,0,0.001049
../img_align_celeba/img_align_celeba/003344.jpg 32,78,147,185,0,0.999973 139,164,178,209,0,0.004097
../img_align_celeba/img_align_celeba/000598.jpg 42,73,133,191,0,0.999965 12,85,57,139,0,0.003953
../img_align_celeba/img_align_celeba/003146.jpg 44,74,132,190,0,0.999963 131,100,174,158,0,0.003420 131,142,173,199,0,0.001221
../img_align_celeba/img_align_celeba/000670.jpg 30,76,150,189,0,0.999955 141,156,178,208,0,0.005010
../img_align_celeba/img_align_celeba/000637.jpg 42,80,143,179,0,0.999954 122,126,165,182,0,0.002796
../img_align_celeba/img_align_celeba/000839.jpg 46,81,135,183,0,0.999951 41,39,143,127,0,0.017622 0,118,32,173,0,0.013836 123,27,165,81,0,0.001262 0,94,32,147,0,0.001055
../img_align_celeba/img_align_celeba/001332.jpg 47,86,137,177,0,0.999938 0,73,32,134,0,0.009613 0,42,32,98,0,0.001680 0,103,32,155,0,0.001093
../img_align_celeba/img_align_celeba/002628.jpg 45,79,136,185,0,0.999931 139,143,178,201,0,0.009857 138,119,178,172,0,0.009659 124,25,166,81,0,0.006733 139,84,178,140,0,0.001593
../img_align_celeba/img_align_celeba/004502.jpg 48,76,132,187,0,0.999946 124,6,162,66,0,0.041056 121,126,163,182,0,0.009939 122,101,162,156,0,0.007088 0,78,31,129,0,0.003319 122,36,164,87,0,0.001358 140,75,178,132,0,0.001116 138,128,178,180,0,0.001009
../img_align_celeba/img_align_celeba/002351.jpg 46,81,141,183,0,0.999952 14,93,58,152,0,0.004567 13,126,59,183,0,0.001301
../img_align_celeba/img_align_celeba/003310.jpg 41,76,138,185,0,0.999965 122,108,163,169,0,0.005971 123,138,162,190,0,0.004131 163,94,178,147,0,0.002898 124,161,164,214,0,0.002473 138,143,178,199,0,0.002406 123,52,165,105,0,0.001307
../img_align_celeba/img_align_celeba/004606.jpg 37,72,140,191,0,0.999977 96,117,178,199,0,0.023027 12,10,58,63,0,0.008732 0,135,32,189,0,0.006503 13,169,57,218,0,0.003563 12,145,56,196,0,0.001812 121,128,164,181,0,0.001692 0,77,32,131,0,0.001130
../img_align_celeba/img_align_celeba/002846.jpg 35,78,142,185,0,0.999971 122,127,165,180,0,0.001160
../img_align_celeba/img_align_celeba/002547.jpg 46,81,134,190,0,0.999935 90,94,146,170,0,0.002056 122,118,164,172,0,0.001517 123,147,162,195,0,0.001036
../img_align_celeba/img_align_celeba/003827.jpg 40,72,141,189,0,0.999958
../img_align_celeba/img_align_celeba/000031.jpg 35,77,146,186,0,0.999965 0,52,32,106,0,0.015810 0,101,31,156,0,0.012217 131,27,174,80,0,0.005374 123,52,165,105,0,0.004046 0,76,23,132,0,0.002309 14,94,58,151,0,0.001506
../img_align_celeba/img_align_celeba/004573.jpg 34,80,144,187,0,0.999963 123,45,163,96,0,0.007539 13,91,58,150,0,0.004127 139,135,178,190,0,0.002042 139,60,178,115,0,0.001685 121,174,165,218,0,0.001350 12,127,57,180,0,0.001309 123,112,162,163,0,0.001248
../img_align_celeba/img_align_celeba/002361.jpg 46,82,135,183,0,0.999950
../img_align_celeba/img_align_celeba/003051.jpg 47,77,130,184,0,0.999950 39,97,178,159,0,0.003297 123,136,162,192,0,0.002805 163,127,178,181,0,0.002513
../img_align_celeba/img_align_celeba/003383.jpg 53,67,128,190,0,0.999885
../img_align_celeba/img_align_celeba/002520.jpg 36,74,144,187,0,0.999965 13,0,55,49,0,0.010001 0,110,32,164,0,0.005788 13,137,57,188,0,0.003192 0,53,23,105,0,0.001075
../img_align_celeba/img_align_celeba/001382.jpg 36,84,143,182,0,0.999971 97,14,143,67,0,0.009819 122,12,165,61,0,0.002822 140,128,178,181,0,0.001368 0,25,32,81,0,0.001314 0,60,31,114,0,0.001246
../img_align_celeba/img_align_celeba/000361.jpg 46,78,134,186,0,0.999966 0,135,31,188,0,0.002992 81,51,124,105,0,0.001230
../img_align_celeba/img_align_celeba/004406.jpg 35,73,144,188,0,0.999970 0,109,30,167,0,0.091410 0,133,23,191,0,0.011199 0,67,25,124,0,0.009395
../img_align_celeba/img_align_celeba/000576.jpg 48,78,135,184,0,0.999944 0,85,32,140,0,0.001408
../img_align_celeba/img_align_celeba/000491.jpg 50,86,137,179,0,0.999927 56,36,100,90,0,0.009650 150,80,178,141,0,0.003956 0,102,32,155,0,0.003192 0,43,32,97,0,0.002916 0,76,33,130,0,0.002494 20,11,65,63,0,0.002051 13,78,59,131,0,0.001743 12,36,56,87,0,0.001281 0,126,32,181,0,0.001033
../img_align_celeba/img_align_celeba/002497.jpg 36,76,147,186,0,0.999961 116,171,155,218,0,0.005230
../img_align_celeba/img_align_celeba/001655.jpg 40,80,142,184,0,0.999947 122,85,164,139,0,0.020391 135,53,178,104,0,0.017929 50,148,129,188,0,0.008715 0,15,23,73,0,0.002325 143,144,178,200,0,0.001803 12,19,56,71,0,0.001372 0,84,33,140,0,0.001116
../img_align_celeba/img_align_celeba/003251.jpg 39,84,143,180,0,0.999969 146,146,178,200,0,0.023503 0,59,32,114,0,0.004775
../img_align_celeba/img_align_celeba/004724.jpg 46,83,138,180,0,0.999941 93,35,157,83,0,0.096503 13,50,59,107,0,0.007834 122,61,163,113,0,0.001603 13,118,58,172,0,0.001355
../img_align_celeba/img_align_celeba/000655.jpg 47,76,135,187,0,0.999959 139,84,178,141,0,0.004817 139,120,178,172,0,0.001420 123,126,163,181,0,0.001010
../img_align_celeba/img_align_celeba/001899.jpg 38,80,145,184,0,0.999956 164,77,178,130,0,0.001729 164,101,178,156,0,0.001353
../img_align_celeba/img_align_celeba/004330.jpg 40,86,144,177,0,0.999952
../img_align_celeba/img_align_celeba/003710.jpg 37,82,144,184,0,0.999955 124,42,165,99,0,0.011277 0,26,39,83,0,0.008475 21,26,66,81,0,0.005780 136,128,178,182,0,0.002872 122,68,163,123,0,0.001131
../img_align_celeba/img_align_celeba/001544.jpg 38,76,143,189,0,0.999976 121,77,164,131,0,0.001478 6,117,47,175,0,0.001430 123,112,162,165,0,0.001057
../img_align_celeba/img_align_celeba/004765.jpg 38,73,143,189,0,0.999971 139,135,178,189,0,0.001123
../img_align_celeba/img_align_celeba/001972.jpg 38,78,141,186,0,0.999977 22,70,67,126,0,0.004514 121,42,164,103,0,0.002583 20,43,65,97,0,0.001826 163,136,178,189,0,0.001441 123,143,163,199,0,0.001152
../img_align_celeba/img_align_celeba/000188.jpg 44,60,138,201,0,0.999954 131,86,174,139,0,0.005458 114,19,156,72,0,0.002351 114,0,157,49,0,0.001219 0,68,32,122,0,0.001141
../img_align_celeba/img_align_celeba/003506.jpg 44,79,129,183,0,0.999963 13,137,58,189,0,0.006194 14,70,56,121,0,0.001921 139,33,178,90,0,0.001874 124,19,163,70,0,0.001628 124,114,162,163,0,0.001028
../img_align_celeba/img_align_celeba/004181.jpg 38,77,142,186,0,0.999966 22,103,66,157,0,0.013556 123,136,163,190,0,0.001958 122,69,163,122,0,0.001038
../img_align_celeba/img_align_celeba/004838.jpg 34,75,145,186,0,0.999965 120,161,163,214,0,0.009406
../img_align_celeba/img_align_celeba/000310.jpg 41,81,140,184,0,0.999945 146,90,178,159,0,0.010844 100,85,178,164,0,0.002454 0,108,25,165,0,0.001957
../img_align_celeba/img_align_celeba/000508.jpg 29,84,151,178,0,0.999967 0,67,31,123,0,0.002130 0,152,32,205,0,0.001507 0,92,32,148,0,0.001008
../img_align_celeba/img_align_celeba/001194.jpg 42,82,140,183,0,0.999964 149,89,178,157,0,0.042801 6,27,49,86,0,0.008568 139,127,178,181,0,0.003201 20,145,65,197,0,0.001393
../img_align_celeba/img_align_celeba/004510.jpg 50,77,132,186,0,0.999956 125,11,162,63,0,0.005642 114,135,153,192,0,0.003176 0,75,33,131,0,0.001329 163,152,178,206,0,0.001326 139,44,178,97,0,0.001104
../img_align_celeba/img_align_celeba/004100.jpg 39,80,138,184,0,0.999944 139,136,178,190,0,0.002174 132,161,174,216,0,0.001858
../img_align_celeba/img_align_celeba/004712.jpg 37,83,145,180,0,0.999969 0,94,32,147,0,0.005122 122,52,165,105,0,0.003912 121,0,166,46,0,0.003109 120,74,166,135,0,0.002731 122,19,164,72,0,0.002730 122,103,162,161,0,0.001217 13,27,56,80,0,0.001112
../img_align_celeba/img_align_celeba/003479.jpg 38,80,145,183,0,0.999968 99,0,142,54,0,0.010808 122,128,162,180,0,0.003100 123,153,164,205,0,0.002010 132,170,171,218,0,0.001952
../img_align_celeba/img_align_celeba/004877.jpg 41,82,139,182,0,0.999970 148,90,178,163,0,0.020278 92,90,178,163,0,0.001245
../img_align_celeba/img_align_celeba/000245.jpg 47,66,130,197,0,0.999960 147,93,178,150,0,0.001313
../img_align_celeba/img_align_celeba/003050.jpg 39,81,145,183,0,0.999948 121,61,163,115,0,0.012667 122,111,161,165,0,0.002931 122,36,165,89,0,0.001861 163,69,178,122,0,0.001749 164,94,178,147,0,0.001541
../img_align_celeba/img_align_celeba/004301.jpg 43,79,138,185,0,0.999949 163,85,178,138,0,0.001235 163,110,178,164,0,0.001215
../img_align_celeba/img_align_celeba/001046.jpg 43,75,138,188,0,0.999563 150,50,178,125,0,0.490288
../img_align_celeba/img_align_celeba/000625.jpg 37,78,147,184,0,0.999967 0,19,33,75,0,0.008371 13,77,56,135,0,0.007134 6,101,47,158,0,0.004060 0,102,30,155,0,0.003100 0,0,31,46,0,0.001940 30,0,73,45,0,0.001745 0,130,31,180,0,0.001065
../img_align_celeba/img_align_celeba/002280.jpg 50,75,141,196,0,0.999259 146,110,178,174,0,0.005387 126,98,178,184,0,0.001270 0,128,31,179,0,0.001101 123,27,164,80,0,0.001028
../img_align_celeba/img_align_celeba/001861.jpg 39,80,143,184,0,0.999965 13,145,57,196,0,0.002316
../img_align_celeba/img_align_celeba/003907.jpg 43,79,141,186,0,0.999956 0,60,32,114,0,0.005872 122,27,165,80,0,0.003369 132,145,174,199,0,0.002822 100,0,142,59,0,0.001127 0,84,32,139,0,0.001004
../img_align_celeba/img_align_celeba/004441.jpg 41,80,138,186,0,0.999958 123,145,164,197,0,0.012829 87,60,132,115,0,0.001394 148,110,178,174,0,0.001351
../img_align_celeba/img_align_celeba/000633.jpg 41,81,137,183,0,0.999958 122,84,165,140,0,0.006135 124,111,164,165,0,0.004586 0,102,31,155,0,0.004567
../img_align_celeba/img_align_celeba/004505.jpg 44,82,141,183,0,0.999969
../img_align_celeba/img_align_celeba/004996.jpg 46,77,136,187,0,0.999967 123,60,163,116,0,0.014310 122,35,165,88,0,0.011523 122,103,161,158,0,0.002670 163,102,178,155,0,0.001755 163,27,178,79,0,0.001137
../img_align_celeba/img_align_celeba/004206.jpg 38,69,143,189,0,0.999966 124,27,165,80,0,0.008872 0,144,32,199,0,0.003019 0,12,32,62,0,0.002407 163,85,178,139,0,0.002047 14,94,57,146,0,0.001366
../img_align_celeba/img_align_celeba/002653.jpg 38,77,142,186,0,0.999974 123,153,163,206,0,0.011464 131,67,174,121,0,0.005655 123,2,165,56,0,0.004471 131,111,173,164,0,0.003877
../img_align_celeba/img_align_celeba/003319.jpg 39,75,143,187,0,0.999954 0,93,32,149,0,0.001861
../img_align_celeba/img_align_celeba/003047.jpg 50,77,131,184,0,0.999959 96,94,178,187,0,0.002094 163,10,178,63,0,0.001029 123,103,162,156,0,0.001020
../img_align_celeba/img_align_celeba/003532.jpg 40,74,140,190,0,0.999963 14,128,57,180,0,0.027996 145,147,178,201,0,0.012955 13,102,57,156,0,0.003949 123,54,164,103,0,0.002263
../img_align_celeba/img_align_celeba/002542.jpg 39,84,139,181,0,0.999953 122,84,162,143,0,0.004931 130,60,173,112,0,0.003203 163,119,178,172,0,0.001653 163,68,178,122,0,0.001544 163,94,178,147,0,0.001471
../img_align_celeba/img_align_celeba/004362.jpg 40,81,140,184,0,0.999963 123,103,162,155,0,0.002323 0,111,30,163,0,0.001904
../img_align_celeba/img_align_celeba/003237.jpg 34,80,140,185,0,0.999963 12,170,55,218,0,0.015571 0,25,33,82,0,0.015203 0,127,33,180,0,0.001605 12,143,58,201,0,0.001445 123,120,163,173,0,0.001412 96,95,178,182,0,0.001105
../img_align_celeba/img_align_celeba/002859.jpg 44,76,138,186,0,0.999959 123,86,164,139,0,0.012173 123,136,163,189,0,0.002243 140,111,178,164,0,0.001917
../img_align_celeba/img_align_celeba/002310.jpg 45,83,138,181,0,0.999957 12,27,58,81,0,0.015489 0,28,31,79,0,0.002459 5,59,48,114,0,0.002203 0,68,24,123,0,0.001912
../img_align_celeba/img_align_celeba/002676.jpg 44,79,141,183,0,0.999959 115,11,155,67,0,0.028959 120,0,162,46,0,0.001535 132,20,170,71,0,0.001305
../img_align_celeba/img_align_celeba/003789.jpg 44,81,140,182,0,0.999946
../img_align_celeba/img_align_celeba/004278.jpg 38,77,141,187,0,0.999975 123,27,164,81,0,0.002678
../img_align_celeba/img_align_celeba/004474.jpg 46,79,132,183,0,0.999952 98,138,178,204,0,0.110753 130,152,176,208,0,0.008721 123,128,165,180,0,0.002762 163,86,178,138,0,0.001057
../img_align_celeba/img_align_celeba/001224.jpg 40,92,139,178,0,0.999916 85,103,148,169,0,0.003591 123,85,165,140,0,0.001489
../img_align_celeba/img_align_celeba/003975.jpg 42,81,137,184,0,0.999954 0,26,31,80,0,0.013138 0,77,32,130,0,0.002028 123,122,163,171,0,0.001239
../img_align_celeba/img_align_celeba/001460.jpg 42,79,141,185,0,0.999940 0,76,33,132,0,0.006156 0,103,32,154,0,0.005822 0,143,32,198,0,0.003781
../img_align_celeba/img_align_celeba/003032.jpg 46,78,137,187,0,0.999946 122,61,164,113,0,0.001876 122,110,164,164,0,0.001507
../img_align_celeba/img_align_celeba/002037.jpg 42,76,138,189,0,0.999906 123,154,164,205,0,0.005047 124,178,163,218,0,0.003947 122,69,164,121,0,0.001766
../img_align_celeba/img_align_celeba/004251.jpg 37,85,140,179,0,0.999949 13,103,57,156,0,0.013653 13,59,59,115,0,0.002921 163,110,178,164,0,0.001225 123,152,165,205,0,0.001039
../img_align_celeba/img_align_celeba/002652.jpg 37,76,146,187,0,0.999959 78,121,178,205,0,0.064639
../img_align_celeba/img_align_celeba/003429.jpg 39,78,141,186,0,0.999971 131,69,173,121,0,0.005008 120,111,165,164,0,0.001391
../img_align_celeba/img_align_celeba/004521.jpg 43,77,138,187,0,0.999954
../img_align_celeba/img_align_celeba/004605.jpg 33,80,148,182,0,0.999973 147,128,178,190,0,0.008209 21,154,65,207,0,0.003797 129,94,178,185,0,0.001530
../img_align_celeba/img_align_celeba/003033.jpg 43,87,139,178,0,0.999964 132,128,174,183,0,0.024660 123,46,164,96,0,0.014059 0,10,30,64,0,0.012487 0,51,33,106,0,0.007057 0,76,31,130,0,0.005415 0,102,31,156,0,0.005290 0,142,32,198,0,0.002353 0,169,32,218,0,0.001812 140,156,178,206,0,0.001594 123,102,164,156,0,0.001417 122,77,163,129,0,0.001259 0,32,24,90,0,0.001040
../img_align_celeba/img_align_celeba/004696.jpg 46,65,134,196,0,0.999809 164,77,178,130,0,0.001100
../img_align_celeba/img_align_celeba/000944.jpg 41,79,138,183,0,0.999949 124,45,166,96,0,0.002608 123,69,164,123,0,0.001435 123,103,163,156,0,0.001096
../img_align_celeba/img_align_celeba/003079.jpg 40,82,142,179,0,0.999810 116,50,178,134,0,0.170162 123,59,164,117,0,0.068451 114,26,158,82,0,0.050267 0,17,33,73,0,0.005895 0,60,23,114,0,0.005294 0,0,41,47,0,0.004564 147,47,178,111,0,0.004528 0,94,31,147,0,0.004117 10,59,58,115,0,0.003395 0,43,30,96,0,0.003312 114,3,154,54,0,0.001586 0,119,30,171,0,0.001302 37,43,145,122,0,0.001156
../img_align_celeba/img_align_celeba/000802.jpg 43,84,141,182,0,0.999933 0,102,33,156,0,0.078326 0,76,32,131,0,0.004894 0,45,31,96,0,0.002685
../img_align_celeba/img_align_celeba/001603.jpg 41,89,140,176,0,0.999936 122,35,164,88,0,0.016276 122,77,164,131,0,0.007667 137,146,178,199,0,0.002513 163,44,178,97,0,0.001770 33,129,146,206,0,0.001088
../img_align_celeba/img_align_celeba/001389.jpg 41,72,139,191,0,0.999964 0,135,32,189,0,0.003413
../img_align_celeba/img_align_celeba/001261.jpg 38,83,144,180,0,0.999965 0,126,31,181,0,0.001680
../img_align_celeba/img_align_celeba/001596.jpg 53,83,133,178,0,0.999912 122,77,165,131,0,0.019842 122,52,162,104,0,0.005052 123,111,164,164,0,0.001485 163,69,178,121,0,0.001150 163,102,178,155,0,0.001075
../img_align_celeba/img_align_celeba/003004.jpg 41,83,142,182,0,0.999964 147,63,178,120,0,0.091605 124,142,164,199,0,0.007564 0,52,24,105,0,0.005217 5,50,47,110,0,0.003843 139,169,178,218,0,0.003125 124,119,164,172,0,0.001733 132,53,175,111,0,0.001559 131,94,173,146,0,0.001434
../img_align_celeba/img_align_celeba/004612.jpg 46,79,137,184,0,0.999953
../img_align_celeba/img_align_celeba/000599.jpg 42,82,140,184,0,0.999961 123,110,164,163,0,0.001036
../img_align_celeba/img_align_celeba/004744.jpg 28,84,156,180,0,0.999957 0,84,42,141,0,0.001091
../img_align_celeba/img_align_celeba/002236.jpg 38,82,142,182,0,0.999970 124,127,163,181,0,0.004280 122,103,162,157,0,0.002360
../img_align_celeba/img_align_celeba/003154.jpg 47,80,139,182,0,0.999949 0,108,33,166,0,0.007769 0,85,32,139,0,0.003156
../img_align_celeba/img_align_celeba/001070.jpg 45,75,133,188,0,0.999971 123,60,165,114,0,0.001528
../img_align_celeba/img_align_celeba/001087.jpg 45,71,131,189,0,0.999964 0,135,31,189,0,0.011145 0,169,30,218,0,0.001992 12,143,57,198,0,0.001689
../img_align_celeba/img_align_celeba/000441.jpg 38,80,145,183,0,0.999968 0,136,32,188,0,0.006861 11,112,56,166,0,0.003298 0,59,32,114,0,0.001957 0,84,32,139,0,0.001086
../img_align_celeba/img_align_celeba/002387.jpg 35,84,144,180,0,0.999965 14,68,59,125,0,0.004587 14,100,58,159,0,0.003783 147,44,178,100,0,0.002007 120,114,165,179,0,0.001217
../img_align_celeba/img_align_celeba/000133.jpg 36,84,147,181,0,0.999967 120,84,164,140,0,0.012071 123,110,163,165,0,0.009083 0,119,31,172,0,0.007343 123,137,164,187,0,0.003711 0,77,31,130,0,0.003419 0,143,31,198,0,0.003023 0,50,32,106,0,0.002105 21,25,67,81,0,0.001514 55,26,101,86,0,0.001315 5,136,47,190,0,0.001242
../img_align_celeba/img_align_celeba/001384.jpg 44,73,133,188,0,0.999933 20,51,66,106,0,0.020114 0,143,32,198,0,0.009597 0,168,30,218,0,0.005275 5,126,48,183,0,0.004220
../img_align_celeba/img_align_celeba/001047.jpg 42,73,138,185,0,0.999947 0,36,32,88,0,0.002337 123,0,166,47,0,0.002311 163,127,178,181,0,0.001934 125,19,163,70,0,0.001453 163,102,178,155,0,0.001371 23,122,66,172,0,0.001050 163,77,178,130,0,0.001017
../img_align_celeba/img_align_celeba/004128.jpg 39,78,146,186,0,0.999959 124,61,165,114,0,0.009048 0,99,32,157,0,0.004571 0,106,75,209,0,0.001197
../img_align_celeba/img_align_celeba/001646.jpg 48,85,136,180,0,0.999937 0,168,30,218,0,0.008709 122,76,164,133,0,0.001615
../img_align_celeba/img_align_celeba/002365.jpg 33,74,145,195,0,0.999930 124,46,163,96,0,0.007235
../img_align_celeba/img_align_celeba/000052.jpg 41,71,139,193,0,0.999974 46,36,90,90,0,0.001225
../img_align_celeba/img_align_celeba/001406.jpg 38,72,144,189,0,0.999966 5,127,49,182,0,0.001057
../img_align_celeba/img_align_celeba/001962.jpg 37,71,143,190,0,0.999961 123,21,165,70,0,0.003802 13,93,57,147,0,0.002812 139,119,178,172,0,0.002151 139,93,178,148,0,0.001434 139,51,178,106,0,0.001387
../img_align_celeba/img_align_celeba/004011.jpg 34,84,148,179,0,0.999969 67,98,178,163,0,0.014493 6,97,50,162,0,0.004709
../img_align_celeba/img_align_celeba/003031.jpg 47,82,136,181,0,0.999950 0,0,32,47,0,0.032075 13,1,57,55,0,0.001586 0,19,32,70,0,0.001285 149,95,178,158,0,0.001262
../img_align_celeba/img_align_celeba/001681.jpg 44,79,135,182,0,0.999960 121,66,165,124,0,0.077430 112,125,156,184,0,0.040880 122,102,163,155,0,0.003708 15,138,55,189,0,0.002185 121,137,165,218,0,0.002057 21,101,66,157,0,0.001760 163,118,178,172,0,0.001014
../img_align_celeba/img_align_celeba/001990.jpg 37,76,147,183,0,0.999958
../img_align_celeba/img_align_celeba/002060.jpg 48,81,138,184,0,0.999958 113,71,178,180,0,0.040967 140,147,178,197,0,0.016947 12,118,59,173,0,0.004205 0,76,40,131,0,0.002479
../img_align_celeba/img_align_celeba/000181.jpg 39,79,146,187,0,0.999964 138,69,178,121,0,0.008888 124,44,165,97,0,0.006367 122,11,165,63,0,0.005485 163,94,178,147,0,0.001127
../img_align_celeba/img_align_celeba/000961.jpg 34,77,145,186,0,0.999975 122,40,163,101,0,0.006604 119,62,165,132,0,0.004681 122,167,164,218,0,0.003382
../img_align_celeba/img_align_celeba/002946.jpg 36,73,140,191,0,0.999972 122,28,164,78,0,0.005503 93,19,144,68,0,0.004736
../img_align_celeba/img_align_celeba/003387.jpg 39,78,144,185,0,0.999940 123,69,165,122,0,0.009964 114,44,157,96,0,0.008430 124,145,164,198,0,0.002398 123,11,164,61,0,0.001988 114,102,154,159,0,0.001935 0,51,32,105,0,0.001458 125,168,164,218,0,0.001322 0,76,32,130,0,0.001257
../img_align_celeba/img_align_celeba/004145.jpg 50,87,132,177,0,0.999931 139,60,178,118,0,0.039632 14,133,57,192,0,0.003457 123,111,164,162,0,0.002144 6,91,47,150,0,0.001597 132,145,172,196,0,0.001322
../img_align_celeba/img_align_celeba/002550.jpg 51,83,132,181,0,0.999894 90,92,145,162,0,0.008234 0,133,32,191,0,0.005057 0,160,30,214,0,0.004888 31,0,74,47,0,0.003463 80,151,121,208,0,0.002800 37,17,82,73,0,0.002430 67,120,115,192,0,0.001808 0,111,31,163,0,0.001545 123,145,164,196,0,0.001203
../img_align_celeba/img_align_celeba/001358.jpg 44,75,136,189,0,0.999939 123,68,162,126,0,0.002553 139,111,178,164,0,0.001350
../img_align_celeba/img_align_celeba/004272.jpg 33,77,147,187,0,0.999972
../img_align_celeba/img_align_celeba/000646.jpg 38,92,146,180,0,0.999871 123,10,165,65,0,0.025847 150,74,178,139,0,0.011732 134,47,178,138,0,0.001367 123,44,165,96,0,0.001161 95,13,142,69,0,0.001113 163,27,178,80,0,0.001101 149,109,178,173,0,0.001052
../img_align_celeba/img_align_celeba/004570.jpg 40,75,139,189,0,0.999964 131,44,172,95,0,0.001388 124,161,164,213,0,0.001351
../img_align_celeba/img_align_celeba/004216.jpg 44,84,137,180,0,0.999950 122,127,163,182,0,0.022144 14,112,57,168,0,0.011134
../img_align_celeba/img_align_celeba/002635.jpg 32,86,149,180,0,0.999961
../img_align_celeba/img_align_celeba/000709.jpg 36,81,143,182,0,0.999945
../img_align_celeba/img_align_celeba/002908.jpg 41,76,139,188,0,0.999963 125,27,164,83,0,0.040923 132,66,173,123,0,0.027711 121,1,164,55,0,0.002158 123,88,164,138,0,0.001819 156,171,178,218,0,0.001151
../img_align_celeba/img_align_celeba/001267.jpg 41,75,137,188,0,0.999973 14,135,55,190,0,0.001219 21,95,66,148,0,0.001122
../img_align_celeba/img_align_celeba/000162.jpg 44,77,134,185,0,0.999961
../img_align_celeba/img_align_celeba/004784.jpg 43,82,139,182,0,0.999963
../img_align_celeba/img_align_celeba/001090.jpg 45,74,135,190,0,0.999959 131,76,172,131,0,0.006279 122,44,165,96,0,0.002033
../img_align_celeba/img_align_celeba/002090.jpg 39,79,141,185,0,0.999958 0,69,24,122,0,0.037274 138,35,178,90,0,0.013772 148,69,178,125,0,0.003293
../img_align_celeba/img_align_celeba/002190.jpg 43,76,133,187,0,0.999964 123,127,165,180,0,0.002124 12,85,57,138,0,0.001149
../img_align_celeba/img_align_celeba/004804.jpg 46,79,137,184,0,0.999955 0,35,33,89,0,0.007243 0,66,32,123,0,0.007109 9,43,56,96,0,0.006816 0,142,33,199,0,0.005456 0,93,31,147,0,0.002999 11,11,58,63,0,0.002114 129,111,174,164,0,0.001965 131,85,174,137,0,0.001960 0,10,31,62,0,0.001869
../img_align_celeba/img_align_celeba/003038.jpg 37,81,141,184,0,0.999964 112,28,158,80,0,0.005976 122,68,162,126,0,0.001790 163,86,178,138,0,0.001251 140,136,178,188,0,0.001048
../img_align_celeba/img_align_celeba/004576.jpg 43,80,137,184,0,0.999964 0,110,32,164,0,0.020116 0,85,32,139,0,0.005052 0,169,31,218,0,0.003706 0,133,33,190,0,0.002730 0,59,32,114,0,0.001766
../img_align_celeba/img_align_celeba/003244.jpg 42,79,142,187,0,0.999832 122,177,163,218,0,0.004596
../img_align_celeba/img_align_celeba/004035.jpg 44,72,133,189,0,0.999958 122,102,164,156,0,0.004712 146,86,178,140,0,0.001003
../img_align_celeba/img_align_celeba/004037.jpg 47,76,131,189,0,0.999951
../img_align_celeba/img_align_celeba/004449.jpg 41,82,141,181,0,0.999958
../img_align_celeba/img_align_celeba/000395.jpg 47,74,136,179,0,0.999924 146,126,178,187,0,0.030967 0,99,33,158,0,0.015760 123,170,166,218,0,0.007747 138,83,178,141,0,0.005120 0,83,95,197,0,0.001675 113,96,178,185,0,0.001525 0,76,32,131,0,0.001472
../img_align_celeba/img_align_celeba/000511.jpg 43,64,141,205,0,0.999924 95,41,146,84,0,0.001802 61,99,169,163,0,0.001306
../img_align_celeba/img_align_celeba/003025.jpg 44,77,135,186,0,0.999961 124,178,165,218,0,0.002258 123,27,164,78,0,0.001708 122,151,164,207,0,0.001705 0,9,33,64,0,0.001234
../img_align_celeba/img_align_celeba/000389.jpg 41,81,143,179,0,0.998361 55,19,157,136,0,0.142515
../img_align_celeba/img_align_celeba/001013.jpg 35,85,146,181,0,0.999965 122,153,163,204,0,0.006308 98,19,140,70,0,0.001804
../img_align_celeba/img_align_celeba/003892.jpg 50,84,129,178,0,0.999905 22,118,66,172,0,0.003966 124,178,164,218,0,0.003219 123,112,163,164,0,0.001287
../img_align_celeba/img_align_celeba/000792.jpg 44,75,138,187,0,0.999964 0,169,32,218,0,0.003734 13,52,57,105,0,0.001614 0,142,32,198,0,0.001593 163,85,178,138,0,0.001100
../img_align_celeba/img_align_celeba/002888.jpg 40,81,143,182,0,0.999959 0,120,30,170,0,0.001549 124,27,164,79,0,0.001428 0,93,33,147,0,0.001019
../img_align_celeba/img_align_celeba/002539.jpg 34,80,143,184,0,0.999969 125,90,178,190,0,0.002988 139,144,178,198,0,0.002532 0,42,24,98,0,0.001645 0,134,32,190,0,0.001241
../img_align_celeba/img_align_celeba/000737.jpg 35,82,146,182,0,0.999972 122,137,163,188,0,0.001938 123,111,162,164,0,0.001779
../img_align_celeba/img_align_celeba/001996.jpg 46,78,135,187,0,0.999959 122,148,165,211,0,0.002406
../img_align_celeba/img_align_celeba/000524.jpg 35,86,147,179,0,0.999965 123,37,165,88,0,0.001458
../img_align_celeba/img_align_celeba/004243.jpg 34,82,152,182,0,0.999952 122,20,165,71,0,0.006983 0,18,40,75,0,0.004821
../img_align_celeba/img_align_celeba/004651.jpg 39,79,142,183,0,0.999972 123,94,164,149,0,0.017016 122,67,164,122,0,0.006538 14,135,58,193,0,0.002571 122,169,163,218,0,0.001537 140,118,178,174,0,0.001342 0,160,31,214,0,0.001193 164,69,178,121,0,0.001187 123,135,162,190,0,0.001091
../img_align_celeba/img_align_celeba/000449.jpg 40,80,142,182,0,0.999954 0,103,31,156,0,0.001911 0,67,32,122,0,0.001059
../img_align_celeba/img_align_celeba/002196.jpg 49,92,131,171,0,0.999507 137,147,178,197,0,0.214889 145,73,178,138,0,0.047713 23,69,157,218,0,0.009716 146,107,178,177,0,0.007151 112,93,178,185,0,0.001880 145,50,178,107,0,0.001837 0,152,30,205,0,0.001205
../img_align_celeba/img_align_celeba/004679.jpg 43,79,141,186,0,0.999965
../img_align_celeba/img_align_celeba/000943.jpg 33,80,147,184,0,0.999974
../img_align_celeba/img_align_celeba/001857.jpg 50,74,130,189,0,0.999954 139,112,178,166,0,0.018193 139,86,178,140,0,0.005897 124,154,164,205,0,0.002829
../img_align_celeba/img_align_celeba/000760.jpg 42,79,138,187,0,0.999971 120,68,162,124,0,0.001600 163,44,178,96,0,0.001288
../img_align_celeba/img_align_celeba/001888.jpg 41,80,136,184,0,0.999968 121,101,162,160,0,0.008123 163,102,178,156,0,0.001679
../img_align_celeba/img_align_celeba/002460.jpg 48,85,128,179,0,0.999893 113,145,154,198,0,0.008137 123,111,165,164,0,0.002724 114,170,155,218,0,0.002341 131,146,172,196,0,0.001501 130,177,174,218,0,0.001221
../img_align_celeba/img_align_celeba/001571.jpg 42,80,139,183,0,0.999899 131,26,172,80,0,0.012301 138,50,178,109,0,0.010234
../img_align_celeba/img_align_celeba/002172.jpg 44,82,136,182,0,0.999959 122,67,164,124,0,0.040529 163,85,178,139,0,0.001813 124,42,163,98,0,0.001509
../img_align_celeba/img_align_celeba/002359.jpg 40,75,145,188,0,0.999950 14,120,57,173,0,0.001785
../img_align_celeba/img_align_celeba/003699.jpg 42,77,138,188,0,0.999951 88,87,151,172,0,0.003244
../img_align_celeba/img_align_celeba/003615.jpg 38,83,144,180,0,0.999950
../img_align_celeba/img_align_celeba/000314.jpg 39,70,137,190,0,0.999963 132,35,173,89,0,0.007595 126,115,178,204,0,0.003442 132,9,172,64,0,0.003151 131,60,173,113,0,0.002400
../img_align_celeba/img_align_celeba/000390.jpg 41,80,140,181,0,0.999953 123,145,165,197,0,0.047362 0,180,30,218,0,0.003461 0,136,40,190,0,0.003167 123,169,164,218,0,0.002637 123,121,164,170,0,0.002445 163,119,178,172,0,0.001002
../img_align_celeba/img_align_celeba/002525.jpg 35,78,145,188,0,0.999966 121,0,165,46,0,0.026326 122,52,164,105,0,0.004485
../img_align_celeba/img_align_celeba/001566.jpg 37,80,142,184,0,0.999925 121,51,165,108,0,0.103659 123,169,162,218,0,0.003692 122,144,164,196,0,0.001401
../img_align_celeba/img_align_celeba/001463.jpg 41,75,138,190,0,0.999968 123,127,164,181,0,0.003514 124,45,164,96,0,0.001990 123,77,163,129,0,0.001303
../img_align_celeba/img_align_celeba/000843.jpg 47,67,128,192,0,0.999943 132,120,172,172,0,0.002011
../img_align_celeba/img_align_celeba/001537.jpg 30,82,151,181,0,0.999968
../img_align_celeba/img_align_celeba/002939.jpg 41,81,135,185,0,0.999968 0,86,31,138,0,0.009595 0,143,32,197,0,0.004894 0,59,31,114,0,0.004626 0,111,32,163,0,0.003273 131,18,173,72,0,0.001477 40,144,82,197,0,0.001269 101,14,142,72,0,0.001147 123,128,163,180,0,0.001031 0,33,31,90,0,0.001013
../img_align_celeba/img_align_celeba/002882.jpg 47,81,132,184,0,0.999953 123,119,164,171,0,0.001640 163,127,178,181,0,0.001589
../img_align_celeba/img_align_celeba/003734.jpg 37,76,144,187,0,0.999972
../img_align_celeba/img_align_celeba/003177.jpg 40,75,142,185,0,0.999963 0,46,32,95,0,0.002322
../img_align_celeba/img_align_celeba/000266.jpg 46,81,135,182,0,0.999954 0,10,32,63,0,0.008854 0,35,32,88,0,0.003737 14,53,58,105,0,0.001138 21,152,66,206,0,0.001067
../img_align_celeba/img_align_celeba/000178.jpg 36,81,143,185,0,0.999967 113,37,155,90,0,0.005396 0,118,24,172,0,0.001869 122,129,164,179,0,0.001276
../img_align_celeba/img_align_celeba/004452.jpg 40,76,135,188,0,0.999961 0,135,32,190,0,0.005255
../img_align_celeba/img_align_celeba/001784.jpg 34,77,148,187,0,0.999944 123,19,164,70,0,0.002360 0,41,33,99,0,0.002261 0,76,32,130,0,0.001357 164,27,178,80,0,0.001068
../img_align_celeba/img_align_celeba/004907.jpg 42,75,134,183,0,0.999962 125,13,163,66,0,0.021269 95,14,143,68,0,0.005056 88,0,131,46,0,0.001662
../img_align_celeba/img_align_celeba/000915.jpg 49,68,133,201,0,0.999947 5,85,49,139,0,0.025745 5,121,48,171,0,0.014613 4,58,50,115,0,0.003454 124,120,165,172,0,0.001778 0,101,37,156,0,0.001502
../img_align_celeba/img_align_celeba/002968.jpg 39,82,140,183,0,0.999975 123,96,163,148,0,0.004006 0,143,31,197,0,0.003973 0,70,31,122,0,0.002763 0,103,30,153,0,0.001174
../img_align_celeba/img_align_celeba/002488.jpg 43,76,133,187,0,0.999960 123,52,165,106,0,0.002782 139,151,178,207,0,0.001578 121,75,164,132,0,0.001085
../img_align_celeba/img_align_celeba/001959.jpg 36,71,144,192,0,0.999964 122,28,164,79,0,0.003096 139,60,178,113,0,0.001216
../img_align_celeba/img_align_celeba/004031.jpg 37,79,144,185,0,0.999957 122,152,163,205,0,0.004275 121,75,165,133,0,0.002356 122,120,163,172,0,0.002349 120,173,167,218,0,0.001654 147,119,178,174,0,0.001615
../img_align_celeba/img_align_celeba/000287.jpg 38,84,142,181,0,0.999971 163,144,178,197,0,0.001081
../img_align_celeba/img_align_celeba/002264.jpg 35,85,148,180,0,0.999974 12,42,58,98,0,0.141856 13,67,58,128,0,0.003059 123,45,165,94,0,0.001351
../img_align_celeba/img_align_celeba/000879.jpg 42,84,139,181,0,0.999946 89,93,148,169,0,0.006663 13,100,58,157,0,0.005169
../img_align_celeba/img_align_celeba/002377.jpg 44,78,137,186,0,0.999957 127,85,178,197,0,0.018374 148,79,178,134,0,0.003593 139,52,178,106,0,0.003385
../img_align_celeba/img_align_celeba/000101.jpg 39,79,140,185,0,0.999970
../img_align_celeba/img_align_celeba/004553.jpg 48,80,137,183,0,0.999954
../img_align_celeba/img_align_celeba/001434.jpg 40,82,141,184,0,0.999962 147,61,178,122,0,0.060377 0,109,32,164,0,0.002219 0,45,30,95,0,0.002128 0,161,30,213,0,0.001727 126,51,161,110,0,0.001615 0,136,32,188,0,0.001234 13,20,56,71,0,0.001184
../img_align_celeba/img_align_celeba/001952.jpg 35,80,148,184,0,0.999964 13,144,57,197,0,0.019717
../img_align_celeba/img_align_celeba/001648.jpg 45,75,134,188,0,0.999966 121,101,161,159,0,0.001963 113,128,154,182,0,0.001004
../img_align_celeba/img_align_celeba/002470.jpg 34,79,147,182,0,0.999968 13,144,57,197,0,0.003669
../img_align_celeba/img_align_celeba/001089.jpg 37,81,144,181,0,0.999968 163,77,178,130,0,0.002348 163,52,178,105,0,0.001294 0,137,33,189,0,0.001038
../img_align_celeba/img_align_celeba/000921.jpg 34,78,145,184,0,0.999965 0,92,24,148,0,0.004319
../img_align_celeba/img_align_celeba/000149.jpg 48,77,132,184,0,0.999954 123,137,164,187,0,0.006894 124,110,165,163,0,0.001349 0,111,30,164,0,0.001015
../img_align_celeba/img_align_celeba/001939.jpg 41,71,139,193,0,0.999963 13,100,57,158,0,0.001100
../img_align_celeba/img_align_celeba/001508.jpg 40,74,137,191,0,0.999964
../img_align_celeba/img_align_celeba/004878.jpg 50,82,130,182,0,0.999934 87,37,131,89,0,0.003717
../img_align_celeba/img_align_celeba/003722.jpg 36,73,147,187,0,0.999973 13,120,58,173,0,0.004985 14,95,58,148,0,0.004406 121,118,162,174,0,0.001116
../img_align_celeba/img_align_celeba/001025.jpg 35,79,151,185,0,0.999954 149,23,178,85,0,0.136831 0,60,24,113,0,0.002221 162,104,178,154,0,0.001203
../img_align_celeba/img_align_celeba/001316.jpg 40,84,146,183,0,0.999950 5,117,49,175,0,0.005763 115,18,155,72,0,0.004766 0,168,32,218,0,0.001902 0,142,32,198,0,0.001350
../img_align_celeba/img_align_celeba/002051.jpg 29,81,148,179,0,0.999961
../img_align_celeba/img_align_celeba/001856.jpg 35,80,146,184,0,0.999972 0,59,32,114,0,0.031821 0,136,32,189,0,0.014976 0,94,32,147,0,0.013638 105,2,148,54,0,0.008065 0,35,33,89,0,0.006535 0,9,32,64,0,0.003658 139,10,178,65,0,0.002488 0,161,31,213,0,0.001329 12,3,55,54,0,0.001321 122,10,163,62,0,0.001318
../img_align_celeba/img_align_celeba/000487.jpg 31,77,148,186,0,0.999978 149,108,178,172,0,0.006154 0,178,32,218,0,0.004289 0,111,31,163,0,0.003696 0,92,23,148,0,0.002317 124,58,163,119,0,0.001033
../img_align_celeba/img_align_celeba/003743.jpg 41,82,138,182,0,0.999960 122,119,164,171,0,0.001808
../img_align_celeba/img_align_celeba/001980.jpg 46,76,134,187,0,0.999959 163,69,178,121,0,0.001042
../img_align_celeba/img_align_celeba/003380.jpg 44,77,137,186,0,0.999959 122,68,164,123,0,0.002334 163,127,178,180,0,0.002002 123,105,161,155,0,0.001456 163,152,178,206,0,0.001342 13,35,56,88,0,0.001312 124,140,160,186,0,0.001086
../img_align_celeba/img_align_celeba/004113.jpg 54,76,128,186,0,0.999887 0,106,32,168,0,0.002415 0,73,25,133,0,0.002097
../img_align_celeba/img_align_celeba/000665.jpg 43,79,138,185,0,0.999963 124,20,166,72,0,0.004423 14,161,56,214,0,0.003072 0,160,31,214,0,0.002427 121,66,166,126,0,0.001816 163,10,178,63,0,0.001096 139,117,178,173,0,0.001063
../img_align_celeba/img_align_celeba/000146.jpg 41,71,140,193,0,0.999823 124,28,163,78,0,0.002505
../img_align_celeba/img_align_celeba/004056.jpg 43,79,136,180,0,0.999956 123,171,164,218,0,0.009209 0,52,32,105,0,0.003717 123,120,164,171,0,0.003036 123,87,165,137,0,0.003014 0,76,39,131,0,0.002040 13,93,56,152,0,0.001752 125,146,163,198,0,0.001353 164,144,178,197,0,0.001280
../img_align_celeba/img_align_celeba/004029.jpg 50,78,133,185,0,0.999926 122,177,162,218,0,0.001295
../img_align_celeba/img_align_celeba/002397.jpg 42,81,139,183,0,0.999966
../img_align_celeba/img_align_celeba/000300.jpg 34,80,149,184,0,0.999958 141,137,178,193,0,0.007218 0,117,24,175,0,0.003377 123,0,163,63,0,0.003060 122,153,162,207,0,0.003055
../img_align_celeba/img_align_celeba/001093.jpg 46,82,139,182,0,0.999938 114,47,178,127,0,0.152378 77,37,167,124,0,0.072650 139,26,178,81,0,0.004036 0,103,32,158,0,0.003018 138,92,178,150,0,0.001801
../img_align_celeba/img_align_celeba/001740.jpg 35,82,146,182,0,0.999965
../img_align_celeba/img_align_celeba/003482.jpg 35,75,146,190,0,0.999972
../img_align_celeba/img_align_celeba/003778.jpg 37,75,145,188,0,0.999966
../img_align_celeba/img_align_celeba/003632.jpg 30,73,149,186,0,0.999974 97,100,178,172,0,0.011808 132,172,171,218,0,0.002829 0,93,107,180,0,0.001574 122,141,164,201,0,0.001449
../img_align_celeba/img_align_celeba/003618.jpg 41,81,136,180,0,0.999958 92,39,147,82,0,0.010083 140,66,178,125,0,0.001351 6,73,50,135,0,0.001141
../img_align_celeba/img_align_celeba/003436.jpg 39,73,138,191,0,0.999971 123,43,163,99,0,0.001359
../img_align_celeba/img_align_celeba/002901.jpg 40,70,140,194,0,0.999966 122,110,165,164,0,0.003567
../img_align_celeba/img_align_celeba/002323.jpg 37,84,144,182,0,0.999969
../img_align_celeba/img_align_celeba/001334.jpg 41,78,138,186,0,0.999963 5,110,48,165,0,0.006650 122,10,163,63,0,0.002161 123,37,163,87,0,0.002018 122,94,163,147,0,0.001100
../img_align_celeba/img_align_celeba/000170.jpg 35,75,141,189,0,0.999961 144,126,178,185,0,0.323712 125,163,164,214,0,0.001817
../img_align_celeba/img_align_celeba/002795.jpg 36,74,146,189,0,0.999975
../img_align_celeba/img_align_celeba/000697.jpg 41,72,140,192,0,0.999976 140,82,178,144,0,0.003679 139,143,178,199,0,0.001929 124,45,164,96,0,0.001322 123,20,165,71,0,0.001073
../img_align_celeba/img_align_celeba/003944.jpg 45,68,128,194,0,0.999893 145,94,178,151,0,0.040383 163,19,178,71,0,0.001097
../img_align_celeba/img_align_celeba/004943.jpg 43,74,141,183,0,0.999938
../img_align_celeba/img_align_celeba/000476.jpg 32,78,149,184,0,0.999969 0,17,31,72,0,0.022915 14,136,57,188,0,0.006301
../img_align_celeba/img_align_celeba/002994.jpg 37,82,146,182,0,0.999958
../img_align_celeba/img_align_celeba/003637.jpg 31,77,151,185,0,0.999972 121,51,164,105,0,0.014324 121,75,164,132,0,0.002195 0,0,25,56,0,0.002108 163,60,178,113,0,0.001624 163,86,178,138,0,0.001331 163,111,178,163,0,0.001019
../img_align_celeba/img_align_celeba/001166.jpg 42,83,135,181,0,0.999928 123,138,163,189,0,0.001183
../img_align_celeba/img_align_celeba/000829.jpg 40,76,140,185,0,0.999911 163,93,178,147,0,0.001507
../img_align_celeba/img_align_celeba/001379.jpg 43,79,134,184,0,0.999954 14,127,57,181,0,0.006822
../img_align_celeba/img_align_celeba/000849.jpg 37,83,145,181,0,0.999963 0,118,32,172,0,0.003430 152,79,178,137,0,0.002979 0,94,31,146,0,0.002861 0,144,32,197,0,0.002573 123,112,164,163,0,0.002275
../img_align_celeba/img_align_celeba/001192.jpg 40,68,138,193,0,0.999942 148,92,178,156,0,0.002207
../img_align_celeba/img_align_celeba/001498.jpg 34,80,146,185,0,0.999978 122,135,162,192,0,0.004817 122,176,163,218,0,0.002708 5,91,49,149,0,0.001640
../img_align_celeba/img_align_celeba/004433.jpg 40,85,143,178,0,0.999964 121,18,163,71,0,0.081470 144,141,178,208,0,0.017818 123,111,164,163,0,0.006638 123,43,165,97,0,0.003970 0,118,32,172,0,0.003116 149,109,178,177,0,0.002744 121,85,163,138,0,0.002480 11,36,57,88,0,0.002451 0,92,41,151,0,0.001163
../img_align_celeba/img_align_celeba/002312.jpg 38,80,144,183,0,0.999943 21,37,64,91,0,0.009180
../img_align_celeba/img_align_celeba/003502.jpg 32,77,147,184,0,0.999969 120,108,164,169,0,0.014637 122,69,163,123,0,0.006393 0,133,24,191,0,0.001034
../img_align_celeba/img_align_celeba/001842.jpg 37,84,144,176,0,0.999947 97,16,145,68,0,0.010820 72,37,113,90,0,0.005085 123,61,166,114,0,0.002730 123,20,165,70,0,0.001608 21,113,65,168,0,0.001020
../img_align_celeba/img_align_celeba/003745.jpg 48,79,132,186,0,0.999961 124,168,165,218,0,0.004362 122,120,162,173,0,0.001720
../img_align_celeba/img_align_celeba/004841.jpg 38,73,144,191,0,0.999942 0,153,32,206,0,0.002546
../img_align_celeba/img_align_celeba/003640.jpg 30,84,148,182,0,0.999923 84,104,178,178,0,0.010236 124,19,163,72,0,0.004312 124,44,164,95,0,0.001760
../img_align_celeba/img_align_celeba/002247.jpg 37,83,144,179,0,0.999964 0,119,32,173,0,0.106826 150,58,178,121,0,0.008153 0,93,32,147,0,0.002437 131,101,173,157,0,0.002108 124,121,164,171,0,0.001844 0,169,31,218,0,0.001133
../img_align_celeba/img_align_celeba/003183.jpg 40,83,147,177,0,0.999921 0,52,31,105,0,0.025825 0,110,31,164,0,0.003872 0,28,32,79,0,0.001317
../img_align_celeba/img_align_celeba/002140.jpg 34,76,147,185,0,0.999958
../img_align_celeba/img_align_celeba/001353.jpg 36,82,144,180,0,0.999965 122,146,166,198,0,0.066368 0,126,32,182,0,0.006664
../img_align_celeba/img_align_celeba/001858.jpg 38,80,142,183,0,0.999959 150,85,178,161,0,0.019385 0,85,31,138,0,0.006748 0,136,40,188,0,0.003804 14,144,55,198,0,0.001318 0,53,31,104,0,0.001208
../img_align_celeba/img_align_celeba/001839.jpg 32,82,146,181,0,0.999969 14,127,56,180,0,0.001287
../img_align_celeba/img_align_celeba/004640.jpg 35,79,149,183,0,0.999970 163,119,178,172,0,0.002425 131,117,172,172,0,0.001539 110,133,178,207,0,0.001276 163,94,178,146,0,0.001026
../img_align_celeba/img_align_celeba/002814.jpg 49,83,138,181,0,0.999948 122,11,163,62,0,0.003086 0,118,31,173,0,0.002109 0,92,23,148,0,0.001046
../img_align_celeba/img_align_celeba/004827.jpg 43,77,140,188,0,0.999966
../img_align_celeba/img_align_celeba/004959.jpg 41,84,144,181,0,0.999937 12,44,56,96,0,0.001045
../img_align_celeba/img_align_celeba/000770.jpg 49,89,136,177,0,0.999937 0,86,31,139,0,0.035768 0,109,31,166,0,0.009812 0,136,31,188,0,0.001419
../img_align_celeba/img_align_celeba/002104.jpg 35,77,147,185,0,0.999963 73,33,173,128,0,0.001659
../img_align_celeba/img_align_celeba/004499.jpg 50,84,131,177,0,0.999907 131,83,171,140,0,0.016609 124,107,163,169,0,0.015117 123,61,163,114,0,0.003958 73,177,117,218,0,0.002037 115,129,154,183,0,0.001781 132,135,171,189,0,0.001431
../img_align_celeba/img_align_celeba/003938.jpg 37,78,144,186,0,0.999975 121,125,163,183,0,0.026466 0,143,32,198,0,0.005843 48,149,126,187,0,0.002067 0,10,31,63,0,0.001517
../img_align_celeba/img_align_celeba/002603.jpg 44,79,141,186,0,0.999957 14,110,59,165,0,0.002783
../img_align_celeba/img_align_celeba/004842.jpg 44,80,139,182,0,0.999961 3,51,47,108,0,0.121671 122,108,166,169,0,0.007816 0,28,31,79,0,0.006293 13,106,59,169,0,0.002257 0,67,31,122,0,0.001048
../img_align_celeba/img_align_celeba/001043.jpg 41,83,137,182,0,0.999962
../img_align_celeba/img_align_celeba/000896.jpg 33,79,148,185,0,0.999973 0,176,23,218,0,0.005706 147,143,178,199,0,0.005214 122,114,178,203,0,0.002117 147,111,178,165,0,0.001124
../img_align_celeba/img_align_celeba/004705.jpg 32,79,151,183,0,0.999967 0,118,32,173,0,0.001671 0,143,32,199,0,0.001022
../img_align_celeba/img_align_celeba/002115.jpg 33,77,148,186,0,0.999976 123,144,163,198,0,0.001858 163,111,178,164,0,0.001621
../img_align_celeba/img_align_celeba/001880.jpg 46,72,135,190,0,0.999972 96,19,140,72,0,0.003643 148,95,178,156,0,0.002568 120,50,164,107,0,0.001157
../img_align_celeba/img_align_celeba/003390.jpg 44,87,137,175,0,0.999943 14,145,58,200,0,0.003870 11,79,62,150,0,0.001172
../img_align_celeba/img_align_celeba/004254.jpg 40,82,138,180,0,0.999955 128,82,178,139,0,0.164868 130,15,176,76,0,0.083615 132,44,174,100,0,0.001556 105,77,178,165,0,0.001291
../img_align_celeba/img_align_celeba/003921.jpg 40,70,141,190,0,0.999956 13,145,58,197,0,0.002630 124,170,164,218,0,0.002050 162,152,178,205,0,0.001220 122,96,162,147,0,0.001011
../img_align_celeba/img_align_celeba/000904.jpg 48,96,136,174,0,0.997003 35,47,151,206,0,0.030106 31,20,73,70,0,0.011033 23,3,63,53,0,0.005612 23,37,63,86,0,0.003882 14,52,55,104,0,0.003190 0,26,32,80,0,0.001165 122,3,164,52,0,0.001032
../img_align_celeba/img_align_celeba/001788.jpg 44,85,137,178,0,0.999649
../img_align_celeba/img_align_celeba/002461.jpg 40,78,141,187,0,0.999959 123,18,166,72,0,0.003664 22,62,66,114,0,0.002168 0,125,33,182,0,0.001124 0,51,32,105,0,0.001059
../img_align_celeba/img_align_celeba/004936.jpg 47,83,134,182,0,0.999956 4,171,46,218,0,0.026013 122,142,163,201,0,0.025602 122,118,164,173,0,0.025215 122,170,164,218,0,0.007886 14,117,57,173,0,0.004134
../img_align_celeba/img_align_celeba/002861.jpg 40,78,143,185,0,0.999960 123,120,163,172,0,0.004084 122,174,165,218,0,0.001994 123,154,164,203,0,0.001493 122,94,163,147,0,0.001163
../img_align_celeba/img_align_celeba/004669.jpg 39,75,138,188,0,0.999959 132,153,172,205,0,0.002067 0,69,33,123,0,0.001980 139,135,178,190,0,0.001831 131,110,174,164,0,0.001611 0,145,34,198,0,0.001077
../img_align_celeba/img_align_celeba/002772.jpg 40,78,144,186,0,0.999961 121,70,164,124,0,0.031922 0,51,33,110,0,0.013202 22,103,67,161,0,0.001396 11,52,58,106,0,0.001371
../img_align_celeba/img_align_celeba/004893.jpg 38,78,141,186,0,0.999969 139,128,178,180,0,0.005428 114,129,154,181,0,0.001779
../img_align_celeba/img_align_celeba/002723.jpg 45,87,139,179,0,0.999947
../img_align_celeba/img_align_celeba/000180.jpg 41,81,139,182,0,0.999958 14,44,57,96,0,0.002496 163,111,178,164,0,0.001731 163,77,178,130,0,0.001445 123,104,162,156,0,0.001081
../img_align_celeba/img_align_celeba/004748.jpg 38,80,139,184,0,0.999954 124,21,165,72,0,0.004085 0,102,34,157,0,0.003764 132,101,173,159,0,0.002196
../img_align_celeba/img_align_celeba/000875.jpg 37,79,145,186,0,0.999965 124,163,164,213,0,0.002461 0,102,32,155,0,0.001571
../img_align_celeba/img_align_celeba/003486.jpg 40,76,142,186,0,0.999957 115,0,156,55,0,0.079565 16,10,55,67,0,0.045433 123,19,162,73,0,0.015954 139,34,178,91,0,0.008357 139,10,178,65,0,0.006094 7,0,48,50,0,0.002439 63,1,106,54,0,0.001811 122,128,164,181,0,0.001617 29,0,71,47,0,0.001066
../img_align_celeba/img_align_celeba/004090.jpg 45,80,131,185,0,0.999949 14,80,57,132,0,0.004706
../img_align_celeba/img_align_celeba/000324.jpg 45,82,133,179,0,0.999928 113,10,157,63,0,0.033174 149,92,178,158,0,0.020849 149,51,178,133,0,0.018098 130,27,171,80,0,0.005627 0,77,31,129,0,0.005213 0,103,31,155,0,0.003291 0,18,32,71,0,0.002085 132,99,172,159,0,0.001534
../img_align_celeba/img_align_celeba/001834.jpg 35,79,144,185,0,0.999972 0,102,32,156,0,0.002639 0,145,30,196,0,0.001688 122,103,162,157,0,0.001297 125,170,164,218,0,0.001236
../img_align_celeba/img_align_celeba/002178.jpg 41,77,138,187,0,0.999965 122,111,162,164,0,0.001692 0,119,29,171,0,0.001364 13,93,58,148,0,0.001066
../img_align_celeba/img_align_celeba/003229.jpg 45,78,133,187,0,0.999961
../img_align_celeba/img_align_celeba/001787.jpg 35,79,146,184,0,0.999975 0,150,24,206,0,0.001235
../img_align_celeba/img_align_celeba/000483.jpg 34,76,146,186,0,0.999968 0,134,33,189,0,0.013025 0,60,31,113,0,0.005081 0,157,31,218,0,0.004028 0,27,31,79,0,0.002708 0,0,25,58,0,0.001218
../img_align_celeba/img_align_celeba/004821.jpg 35,76,147,188,0,0.999962
../img_align_celeba/img_align_celeba/004515.jpg 37,80,148,184,0,0.999973 5,102,50,159,0,0.001444
../img_align_celeba/img_align_celeba/001673.jpg 42,77,135,186,0,0.999967 122,130,163,179,0,0.004583 122,103,163,156,0,0.003429 14,151,57,207,0,0.001527
../img_align_celeba/img_align_celeba/002208.jpg 32,82,147,182,0,0.999972 141,147,178,201,0,0.032948 124,44,165,96,0,0.001357 138,169,178,218,0,0.001255
../img_align_celeba/img_align_celeba/004171.jpg 44,78,135,187,0,0.999958 122,51,165,106,0,0.044002 121,28,165,78,0,0.024365 164,77,178,130,0,0.002673 163,52,178,105,0,0.001726 139,119,178,173,0,0.001421
../img_align_celeba/img_align_celeba/000353.jpg 35,81,146,184,0,0.999966 13,93,58,148,0,0.003642
../img_align_celeba/img_align_celeba/004769.jpg 41,74,139,187,0,0.999970 123,87,164,137,0,0.001575 123,112,164,161,0,0.001082
../img_align_celeba/img_align_celeba/001128.jpg 40,76,140,188,0,0.999956 123,38,161,91,0,0.007927 131,60,173,114,0,0.002824
../img_align_celeba/img_align_celeba/004119.jpg 32,74,145,187,0,0.999970
../img_align_celeba/img_align_celeba/002983.jpg 36,82,142,180,0,0.999947 13,68,57,122,0,0.036005 0,18,23,75,0,0.002084 0,94,31,146,0,0.001751 122,67,163,124,0,0.001657 123,94,163,148,0,0.001397 13,36,56,90,0,0.001106
../img_align_celeba/img_align_celeba/001823.jpg 47,72,133,192,0,0.999961
../img_align_celeba/img_align_celeba/001359.jpg 39,74,140,190,0,0.999962
../img_align_celeba/img_align_celeba/004749.jpg 40,86,145,178,0,0.999953 14,27,59,83,0,0.009725 0,76,31,131,0,0.002164 0,109,32,165,0,0.001493
../img_align_celeba/img_align_celeba/000095.jpg 51,82,135,182,0,0.999949
../img_align_celeba/img_align_celeba/000986.jpg 37,80,142,185,0,0.999955 138,151,178,209,0,0.002498
../img_align_celeba/img_align_celeba/000799.jpg 43,72,135,191,0,0.999966 94,37,141,89,0,0.002147
../img_align_celeba/img_align_celeba/003261.jpg 43,76,137,185,0,0.999934 3,118,49,174,0,0.002723 13,146,56,197,0,0.001181
../img_align_celeba/img_align_celeba/003488.jpg 45,83,142,178,0,0.999951 0,109,31,164,0,0.008732 0,82,33,141,0,0.001309
../img_align_celeba/img_align_celeba/004635.jpg 40,74,142,186,0,0.999952 90,0,132,46,0,0.005085 48,0,90,46,0,0.002987 131,101,173,157,0,0.002250 123,0,164,46,0,0.001232
../img_align_celeba/img_align_celeba/002751.jpg 46,84,135,181,0,0.999942 139,61,178,114,0,0.005983 14,119,56,171,0,0.001180
../img_align_celeba/img_align_celeba/000003.jpg 52,83,134,189,0,0.999642
../img_align_celeba/img_align_celeba/003210.jpg 44,76,142,186,0,0.999953 6,103,49,159,0,0.001337
../img_align_celeba/img_align_celeba/000533.jpg 46,75,139,186,0,0.999946 13,43,57,97,0,0.001790
../img_align_celeba/img_align_celeba/002634.jpg 49,81,133,184,0,0.999935 5,93,49,148,0,0.004211 5,68,50,124,0,0.001199
../img_align_celeba/img_align_celeba/001162.jpg 48,78,130,187,0,0.999954 123,94,162,151,0,0.008972 121,60,164,118,0,0.005033 0,135,33,191,0,0.004702 122,161,163,217,0,0.003254 0,93,40,152,0,0.003032
../img_align_celeba/img_align_celeba/003407.jpg 37,77,147,187,0,0.999967 97,20,143,66,0,0.103650 122,175,164,218,0,0.001293
../img_align_celeba/img_align_celeba/004179.jpg 39,79,144,178,0,0.999937 14,9,57,64,0,0.018699
../img_align_celeba/img_align_celeba/002122.jpg 50,72,133,188,0,0.999943 122,60,164,114,0,0.005039 0,169,31,218,0,0.001929 0,143,31,197,0,0.001062
../img_align_celeba/img_align_celeba/001229.jpg 34,79,149,187,0,0.999959 14,42,58,98,0,0.020371
../img_align_celeba/img_align_celeba/000352.jpg 36,74,147,189,0,0.999974
../img_align_celeba/img_align_celeba/002220.jpg 50,73,130,188,0,0.999926 122,77,165,132,0,0.021418 123,104,164,155,0,0.001117
../img_align_celeba/img_align_celeba/003185.jpg 34,82,149,181,0,0.999907 14,19,59,74,0,0.002288 123,170,163,218,0,0.002029 122,39,163,86,0,0.001335 147,99,178,153,0,0.001130 0,86,32,140,0,0.001026
../img_align_celeba/img_align_celeba/000060.jpg 46,77,134,187,0,0.999970 132,75,178,176,0,0.195417 13,9,58,65,0,0.028758 124,20,166,75,0,0.021530 148,41,178,111,0,0.005782 14,35,55,89,0,0.002369 131,46,173,98,0,0.002320 122,179,163,218,0,0.001429
../img_align_celeba/img_align_celeba/001446.jpg 46,84,134,178,0,0.999951 0,171,32,218,0,0.007430 0,76,31,130,0,0.006445 0,103,31,155,0,0.005978 123,177,163,218,0,0.002324 0,142,24,198,0,0.001189
../img_align_celeba/img_align_celeba/001614.jpg 48,77,134,186,0,0.999959 123,135,162,190,0,0.007678 123,111,162,165,0,0.002138 120,175,167,218,0,0.001677 163,94,178,147,0,0.001219
../img_align_celeba/img_align_celeba/001747.jpg 33,80,149,184,0,0.999973 0,152,32,206,0,0.002939 124,167,164,218,0,0.001343 163,153,178,205,0,0.001310
../img_align_celeba/img_align_celeba/003037.jpg 37,82,143,180,0,0.999961 123,154,164,204,0,0.002704 122,127,164,180,0,0.001133
../img_align_celeba/img_align_celeba/001886.jpg 36,77,145,185,0,0.999968 121,53,164,105,0,0.012951 120,75,164,133,0,0.001687 163,77,178,130,0,0.001417
../img_align_celeba/img_align_celeba/000378.jpg 53,82,132,182,0,0.999949 0,51,31,105,0,0.006778 0,68,23,122,0,0.004382 0,100,40,157,0,0.002245 0,76,39,131,0,0.001208
../img_align_celeba/img_align_celeba/004528.jpg 48,80,129,181,0,0.999933
../img_align_celeba/img_align_celeba/003771.jpg 40,79,140,185,0,0.999969 0,119,31,171,0,0.003300 0,141,23,198,0,0.002094 14,148,56,198,0,0.001454 88,19,133,70,0,0.001408 132,52,173,105,0,0.001365 123,167,165,218,0,0.001189
../img_align_celeba/img_align_celeba/002114.jpg 44,81,138,182,0,0.999964 138,62,178,117,0,0.006275 87,94,147,165,0,0.002007 4,86,49,142,0,0.001681
../img_align_celeba/img_align_celeba/004897.jpg 37,79,144,185,0,0.999976 139,18,178,72,0,0.001525
../img_align_celeba/img_align_celeba/001574.jpg 44,88,139,176,0,0.999955 122,76,164,133,0,0.007055 162,93,178,147,0,0.001546 14,120,58,175,0,0.001101
../img_align_celeba/img_align_celeba/003293.jpg 37,74,144,188,0,0.999970 0,111,31,164,0,0.002788 0,49,33,108,0,0.001630 163,152,178,206,0,0.001278 122,171,164,218,0,0.001276 0,136,32,189,0,0.001274 21,36,68,108,0,0.001192
../img_align_celeba/img_align_celeba/002792.jpg 45,88,135,176,0,0.999948 122,103,164,155,0,0.011860 0,120,31,170,0,0.004594 146,111,178,168,0,0.004000 121,128,164,181,0,0.003554
../img_align_celeba/img_align_celeba/004305.jpg 45,81,136,183,0,0.999953
../img_align_celeba/img_align_celeba/004117.jpg 41,72,143,189,0,0.999949 0,101,32,156,0,0.011120 0,134,32,190,0,0.001323
../img_align_celeba/img_align_celeba/000503.jpg 41,85,141,179,0,0.999957 0,41,25,99,0,0.009556 0,65,24,125,0,0.001210
../img_align_celeba/img_align_celeba/004898.jpg 38,84,143,181,0,0.999970 140,153,178,205,0,0.002773 124,161,164,213,0,0.001130
../img_align_celeba/img_align_celeba/000238.jpg 45,88,136,176,0,0.999931 143,160,178,213,0,0.002758
../img_align_celeba/img_align_celeba/002732.jpg 43,78,137,186,0,0.999968 140,43,178,98,0,0.005797 123,144,163,196,0,0.004066 123,120,164,171,0,0.001928 131,60,173,115,0,0.001839
../img_align_celeba/img_align_celeba/000008.jpg 41,80,139,183,0,0.999964 122,127,165,180,0,0.004785 12,160,56,215,0,0.003405 121,172,165,218,0,0.001768
../img_align_celeba/img_align_celeba/003030.jpg 35,79,148,185,0,0.999954 120,77,165,132,0,0.009765 146,136,178,190,0,0.001723 163,69,178,122,0,0.001460 123,112,162,164,0,0.001067
../img_align_celeba/img_align_celeba/001743.jpg 37,76,143,184,0,0.999952 0,68,31,124,0,0.082315 123,178,162,218,0,0.002195
../img_align_celeba/img_align_celeba/004581.jpg 30,80,156,190,0,0.998825 0,119,32,173,0,0.001518
../img_align_celeba/img_align_celeba/001083.jpg 46,82,138,182,0,0.999964 123,21,163,71,0,0.025119 11,59,57,114,0,0.004853 0,102,32,155,0,0.003004 122,0,165,45,0,0.001962 124,60,164,113,0,0.001796 124,150,164,208,0,0.001254
../img_align_celeba/img_align_celeba/000078.jpg 35,76,147,184,0,0.999976 130,105,178,207,0,0.016681 0,135,32,189,0,0.007655 0,109,32,165,0,0.003455 0,161,31,213,0,0.001235 147,112,178,177,0,0.001177
../img_align_celeba/img_align_celeba/002124.jpg 33,78,150,186,0,0.999923 14,19,55,71,0,0.001639
../img_align_celeba/img_align_celeba/000717.jpg 44,75,137,190,0,0.999973 125,170,165,218,0,0.001113
../img_align_celeba/img_align_celeba/001271.jpg 34,77,145,186,0,0.999975 122,134,161,192,0,0.013754 0,51,40,106,0,0.012053 124,19,165,72,0,0.003486 121,68,163,124,0,0.001394 0,79,32,131,0,0.001228 124,46,163,95,0,0.001202
../img_align_celeba/img_align_celeba/001225.jpg 41,78,141,187,0,0.999964
../img_align_celeba/img_align_celeba/001682.jpg 32,76,148,187,0,0.999973 123,137,163,188,0,0.002282
../img_align_celeba/img_align_celeba/001073.jpg 42,81,139,182,0,0.999956 0,94,31,147,0,0.058614 0,51,32,107,0,0.034745 130,96,178,216,0,0.034321 0,120,31,172,0,0.020188 0,26,31,80,0,0.010593 22,3,64,54,0,0.010396 148,93,178,158,0,0.010291 0,153,31,205,0,0.004738 122,1,165,55,0,0.004496 14,35,54,88,0,0.003564 0,0,32,56,0,0.002719 6,10,46,63,0,0.001699
../img_align_celeba/img_align_celeba/003750.jpg 41,78,139,185,0,0.999956 121,68,165,122,0,0.011083 122,43,164,95,0,0.005651 112,3,157,54,0,0.004270
../img_align_celeba/img_align_celeba/000858.jpg 46,85,138,181,0,0.999945
../img_align_celeba/img_align_celeba/001865.jpg 39,75,141,189,0,0.999936 23,130,63,177,0,0.001443
../img_align_celeba/img_align_celeba/000445.jpg 44,79,134,184,0,0.999945 14,84,57,139,0,0.010146 13,110,58,166,0,0.002323 123,104,163,155,0,0.001034
../img_align_celeba/img_align_celeba/002206.jpg 42,81,136,185,0,0.999961 0,92,33,149,0,0.006869 10,70,58,123,0,0.004695 0,43,31,96,0,0.003121 0,68,32,122,0,0.002634 110,42,155,99,0,0.002322 124,79,161,130,0,0.001512 10,95,57,149,0,0.001116 122,175,164,218,0,0.001058 139,93,178,148,0,0.001054
../img_align_celeba/img_align_celeba/001338.jpg 57,76,128,186,0,0.999867 11,146,56,197,0,0.020148 135,145,178,196,0,0.006927 0,160,31,214,0,0.005417 123,69,164,122,0,0.003403 12,42,57,97,0,0.001094
../img_align_celeba/img_align_celeba/004116.jpg 44,79,137,184,0,0.999951 138,128,178,180,0,0.003453 14,152,57,206,0,0.001382
../img_align_celeba/img_align_celeba/004690.jpg 34,77,146,186,0,0.999969 121,28,163,80,0,0.012593 139,136,178,189,0,0.002124 139,85,178,139,0,0.001113 20,53,65,104,0,0.001051
../img_align_celeba/img_align_celeba/002801.jpg 40,82,140,183,0,0.999969 12,127,58,180,0,0.003035
../img_align_celeba/img_align_celeba/004692.jpg 38,78,143,185,0,0.999970 149,87,178,158,0,0.035219 0,36,33,89,0,0.016069 0,102,31,155,0,0.009106 122,168,165,218,0,0.008323 0,58,24,115,0,0.003277 0,160,32,215,0,0.003013 132,117,172,174,0,0.001194 0,147,7,205,0,0.001086
../img_align_celeba/img_align_celeba/004579.jpg 32,80,148,184,0,0.999963 0,118,32,172,0,0.005885 0,143,32,198,0,0.001019
../img_align_celeba/img_align_celeba/004820.jpg 36,84,146,180,0,0.999965 123,153,163,205,0,0.002669
../img_align_celeba/img_align_celeba/002778.jpg 27,77,155,185,0,0.999965 0,1,125,85,0,0.002749
../img_align_celeba/img_align_celeba/003929.jpg 42,79,136,185,0,0.999970 122,118,164,172,0,0.001564 119,47,166,111,0,0.001362 153,60,178,120,0,0.001196
../img_align_celeba/img_align_celeba/003549.jpg 41,76,141,185,0,0.999958
../img_align_celeba/img_align_celeba/004756.jpg 53,80,136,188,0,0.999926 47,29,139,135,0,0.002241
../img_align_celeba/img_align_celeba/002170.jpg 48,80,134,185,0,0.999957 131,69,174,121,0,0.001455 22,35,65,88,0,0.001342 14,52,56,105,0,0.001086
../img_align_celeba/img_align_celeba/000731.jpg 45,72,137,184,0,0.999914
../img_align_celeba/img_align_celeba/002075.jpg 40,83,141,183,0,0.999870 112,37,156,85,0,0.001110
../img_align_celeba/img_align_celeba/000405.jpg 47,85,136,179,0,0.999938 0,34,32,89,0,0.018481 0,112,31,163,0,0.011225 0,1,32,56,0,0.010218 0,58,33,115,0,0.006405 0,90,23,149,0,0.005833 152,31,178,87,0,0.002869 13,79,59,133,0,0.001522 121,111,163,163,0,0.001487 0,177,32,218,0,0.001392 139,50,178,107,0,0.001339
../img_align_celeba/img_align_celeba/003441.jpg 38,84,146,181,0,0.999959 0,94,30,146,0,0.066724 0,35,32,89,0,0.016482 0,120,31,172,0,0.013753 0,68,32,122,0,0.012913 139,127,178,180,0,0.001207
../img_align_celeba/img_align_celeba/000043.jpg 36,79,147,185,0,0.999968
../img_align_celeba/img_align_celeba/003410.jpg 45,78,132,186,0,0.999971 122,61,164,113,0,0.001601 121,101,162,157,0,0.001426
../img_align_celeba/img_align_celeba/003231.jpg 42,76,138,188,0,0.999969 0,102,32,156,0,0.008407 0,36,32,87,0,0.004874 123,36,165,87,0,0.004851 112,137,156,188,0,0.004690 0,127,32,181,0,0.004563 0,75,33,132,0,0.002854 163,35,178,88,0,0.002154 164,60,178,113,0,0.001394 123,113,161,162,0,0.001358 123,60,162,114,0,0.001180 164,93,178,147,0,0.001171 12,144,57,197,0,0.001146
../img_align_celeba/img_align_celeba/003869.jpg 40,80,141,182,0,0.999966 148,85,178,162,0,0.164815 0,136,33,190,0,0.025016 131,61,175,129,0,0.014322 0,160,31,215,0,0.005555 121,172,164,218,0,0.001870 12,163,55,213,0,0.001818 114,36,156,89,0,0.001765
../img_align_celeba/img_align_celeba/001751.jpg 37,81,143,185,0,0.999959 151,95,178,160,0,0.005056 130,90,178,188,0,0.004218 148,127,178,190,0,0.001895
../img_align_celeba/img_align_celeba/004728.jpg 49,79,135,185,0,0.999945 0,102,32,156,0,0.016562 0,74,25,133,0,0.004015
../img_align_celeba/img_align_celeba/002156.jpg 36,81,139,183,0,0.999969 121,22,163,87,0,0.001483 39,134,84,192,0,0.001415 98,38,147,82,0,0.001271
../img_align_celeba/img_align_celeba/004809.jpg 37,79,142,185,0,0.999963 86,91,150,165,0,0.001344 13,67,58,123,0,0.001038
../img_align_celeba/img_align_celeba/001021.jpg 39,76,138,188,0,0.999968 0,153,32,205,0,0.008477 0,128,32,180,0,0.005782 138,144,178,198,0,0.004426 122,152,163,206,0,0.002907 123,27,163,82,0,0.002280 131,179,172,218,0,0.002173 112,125,155,185,0,0.002135 163,102,178,155,0,0.001302 122,103,164,155,0,0.001008
../img_align_celeba/img_align_celeba/002670.jpg 33,78,146,187,0,0.999957 145,33,178,84,0,0.409941 103,0,178,87,0,0.030363 108,29,165,85,0,0.003093 0,86,32,138,0,0.001234
../img_align_celeba/img_align_celeba/003893.jpg 36,78,140,187,0,0.999950
../img_align_celeba/img_align_celeba/000976.jpg 40,77,136,186,0,0.999963
../img_align_celeba/img_align_celeba/001704.jpg 42,87,140,175,0,0.999351 35,39,143,127,0,0.002192 164,110,178,164,0,0.001130 164,85,178,139,0,0.001011
../img_align_celeba/img_align_celeba/002840.jpg 48,81,132,183,0,0.999947
../img_align_celeba/img_align_celeba/000255.jpg 39,80,143,182,0,0.999963 164,85,178,138,0,0.001151
../img_align_celeba/img_align_celeba/001360.jpg 46,84,136,179,0,0.999951 0,43,32,97,0,0.001590
../img_align_celeba/img_align_celeba/004232.jpg 48,78,134,186,0,0.999962 151,63,178,123,0,0.015924 13,102,58,155,0,0.005733 6,125,48,183,0,0.003806 13,147,56,196,0,0.002036 148,93,178,156,0,0.001899
../img_align_celeba/img_align_celeba/001807.jpg 34,76,149,186,0,0.999964
../img_align_celeba/img_align_celeba/003852.jpg 41,77,135,186,0,0.999960 14,52,58,107,0,0.004546 139,44,178,97,0,0.001517 164,27,178,79,0,0.001229
../img_align_celeba/img_align_celeba/000958.jpg 45,68,132,202,0,0.999859 47,150,126,188,0,0.010900
../img_align_celeba/img_align_celeba/000408.jpg 47,83,137,182,0,0.999960 0,68,41,123,0,0.001938
../img_align_celeba/img_align_celeba/004876.jpg 45,77,139,185,0,0.999955 123,171,163,218,0,0.001830 122,52,165,104,0,0.001003
../img_align_celeba/img_align_celeba/003729.jpg 43,87,138,179,0,0.999957 0,84,33,140,0,0.001734
../img_align_celeba/img_align_celeba/001184.jpg 30,91,154,182,0,0.999201 121,0,165,56,0,0.023568 124,147,162,195,0,0.005403 13,10,55,63,0,0.002353
../img_align_celeba/img_align_celeba/004490.jpg 34,82,147,182,0,0.999965
../img_align_celeba/img_align_celeba/001890.jpg 37,77,141,180,0,0.777670 47,30,158,147,0,0.002887 139,66,178,123,0,0.001935 0,9,41,65,0,0.001455 122,44,164,97,0,0.001308 0,132,25,192,0,0.001230 154,129,178,181,0,0.001217
../img_align_celeba/img_align_celeba/003650.jpg 43,81,140,184,0,0.999966 115,29,156,80,0,0.002931 163,127,178,180,0,0.001277 85,94,157,167,0,0.001014
../img_align_celeba/img_align_celeba/003485.jpg 38,82,136,183,0,0.999959 0,153,31,205,0,0.002956 122,27,165,78,0,0.001310 0,127,31,180,0,0.001244
../img_align_celeba/img_align_celeba/004320.jpg 33,81,151,182,0,0.999963 0,175,39,218,0,0.002008 122,170,165,218,0,0.001599 121,144,164,197,0,0.001143
../img_align_celeba/img_align_celeba/003801.jpg 39,74,139,189,0,0.999969 121,18,164,72,0,0.091335 0,26,32,80,0,0.085173 13,26,58,81,0,0.028485 0,84,32,140,0,0.028341 0,60,32,114,0,0.019420 123,162,164,213,0,0.008126 12,53,54,107,0,0.003623 0,0,31,55,0,0.003542 139,102,178,156,0,0.003328 20,2,64,54,0,0.002504 139,59,178,116,0,0.002486 123,136,164,188,0,0.002020 0,126,24,181,0,0.001942 123,43,165,96,0,0.001716 106,10,148,64,0,0.001110
../img_align_celeba/img_align_celeba/004242.jpg 47,89,138,181,0,0.999844
../img_align_celeba/img_align_celeba/002271.jpg 32,89,149,178,0,0.999964
../img_align_celeba/img_align_celeba/003214.jpg 38,79,141,185,0,0.999916 123,29,165,80,0,0.020486 0,153,31,207,0,0.018112 0,124,32,182,0,0.007817 0,178,30,218,0,0.003375 131,176,173,218,0,0.002102 0,101,31,156,0,0.001787 0,17,32,72,0,0.001782 144,146,178,204,0,0.001390 96,15,140,72,0,0.001266
../img_align_celeba/img_align_celeba/003337.jpg 31,79,151,184,0,0.999966 122,177,162,218,0,0.002757 0,133,32,190,0,0.002659 13,153,57,205,0,0.002609 119,69,164,143,0,0.001591 14,177,57,218,0,0.001176
../img_align_celeba/img_align_celeba/000953.jpg 48,79,134,185,0,0.999963
../img_align_celeba/img_align_celeba/000922.jpg 41,81,137,185,0,0.999969 139,103,178,155,0,0.001025
../img_align_celeba/img_align_celeba/003978.jpg 37,76,144,181,0,0.999962 0,127,39,181,0,0.007100 0,151,32,206,0,0.001710 119,174,164,218,0,0.001174
../img_align_celeba/img_align_celeba/003726.jpg 43,78,135,182,0,0.999937 123,28,164,78,0,0.008202 132,44,172,95,0,0.002591 123,3,164,53,0,0.002109 79,179,123,218,0,0.001351
../img_align_celeba/img_align_celeba/000360.jpg 44,81,140,183,0,0.999823
../img_align_celeba/img_align_celeba/001876.jpg 53,78,130,185,0,0.999958
../img_align_celeba/img_align_celeba/000290.jpg 52,83,130,180,0,0.999933 164,60,178,113,0,0.001917 91,95,178,183,0,0.001714 131,78,172,129,0,0.001001
../img_align_celeba/img_align_celeba/001244.jpg 38,81,143,184,0,0.999968 114,170,156,218,0,0.015250 0,128,31,180,0,0.009909 113,146,155,196,0,0.004023 0,153,32,208,0,0.002669 0,102,31,155,0,0.001871 139,109,178,166,0,0.001405 123,111,163,162,0,0.001000
../img_align_celeba/img_align_celeba/000682.jpg 42,89,139,172,0,0.999864 122,78,165,130,0,0.005810 122,52,165,104,0,0.002325 5,84,49,141,0,0.001872
../img_align_celeba/img_align_celeba/002601.jpg 36,76,146,187,0,0.999962 121,52,165,107,0,0.083643 121,25,164,81,0,0.013689 123,77,165,131,0,0.003239 163,60,178,113,0,0.002074 163,85,178,139,0,0.001344 163,111,178,163,0,0.001016
../img_align_celeba/img_align_celeba/004764.jpg 41,76,139,187,0,0.999966 122,43,165,98,0,0.063881 123,69,165,123,0,0.027670 21,113,66,166,0,0.001646
../img_align_celeba/img_align_celeba/002531.jpg 44,79,137,183,0,0.999961 0,79,31,129,0,0.009005 0,104,31,155,0,0.003569 139,111,178,163,0,0.001945 122,144,164,199,0,0.001847
../img_align_celeba/img_align_celeba/001409.jpg 36,79,146,185,0,0.999975 121,152,163,208,0,0.009737 123,128,162,183,0,0.008324 14,126,56,183,0,0.002394 125,10,163,64,0,0.002060 0,100,33,157,0,0.001900 0,76,33,131,0,0.001302
../img_align_celeba/img_align_celeba/001739.jpg 42,83,140,181,0,0.999955
../img_align_celeba/img_align_celeba/001911.jpg 44,79,138,184,0,0.999958 14,144,58,199,0,0.008828 124,130,163,180,0,0.005484
../img_align_celeba/img_align_celeba/001795.jpg 42,79,136,184,0,0.999969 121,175,163,218,0,0.004467 124,103,163,155,0,0.001086 124,153,164,205,0,0.001072
../img_align_celeba/img_align_celeba/002062.jpg 43,84,136,179,0,0.999951 163,26,178,80,0,0.001512
../img_align_celeba/img_align_celeba/003667.jpg 42,69,134,195,0,0.999963 123,60,165,113,0,0.001575
../img_align_celeba/img_align_celeba/003069.jpg 39,72,142,190,0,0.999969 123,145,164,196,0,0.002737 122,86,162,140,0,0.002485 122,110,163,164,0,0.001675 164,52,178,105,0,0.001340
../img_align_celeba/img_align_celeba/001084.jpg 42,80,139,183,0,0.999945 0,108,39,166,0,0.014670 0,136,38,188,0,0.002146 150,46,178,99,0,0.001212 163,102,178,155,0,0.001129 0,85,31,138,0,0.001128 163,153,178,205,0,0.001015
../img_align_celeba/img_align_celeba/004530.jpg 34,84,149,182,0,0.999909 0,127,32,181,0,0.024492 0,99,33,158,0,0.003479 0,151,32,206,0,0.001539 113,3,155,57,0,0.001309
../img_align_celeba/img_align_celeba/002982.jpg 36,78,142,186,0,0.999972 148,34,178,92,0,0.084144 0,74,32,132,0,0.038417 0,48,39,112,0,0.030936 0,101,41,155,0,0.003241 122,128,163,180,0,0.001614 122,104,162,156,0,0.001457 114,177,155,218,0,0.001452 13,135,57,189,0,0.001432
../img_align_celeba/img_align_celeba/000345.jpg 43,83,137,182,0,0.999948 0,151,31,207,0,0.002589 122,101,163,158,0,0.002577 118,135,178,213,0,0.001143
../img_align_celeba/img_align_celeba/000234.jpg 44,74,140,191,0,0.999954 121,42,164,98,0,0.326122 122,75,164,131,0,0.015304 124,155,162,205,0,0.002357
../img_align_celeba/img_align_celeba/002532.jpg 42,79,134,186,0,0.999969 147,129,178,187,0,0.014181 114,62,156,114,0,0.004376
../img_align_celeba/img_align_celeba/004921.jpg 48,85,135,179,0,0.999896 123,60,178,157,0,0.196234 0,110,32,164,0,0.082580 140,42,178,108,0,0.065993 0,19,33,72,0,0.009701 0,78,32,131,0,0.008711 121,153,163,204,0,0.008527 0,52,31,105,0,0.005320 142,120,178,186,0,0.001844 123,101,165,157,0,0.001509
../img_align_celeba/img_align_celeba/001209.jpg 51,77,131,185,0,0.999942 112,32,156,81,0,0.338215 124,52,161,111,0,0.039002 0,76,31,131,0,0.020973 11,137,56,189,0,0.009292 21,17,68,75,0,0.006740 22,46,67,102,0,0.002615 123,120,163,173,0,0.002245 0,52,31,105,0,0.002055 0,100,32,157,0,0.001703 122,5,165,68,0,0.001479 0,154,31,206,0,0.001108
../img_align_celeba/img_align_celeba/002671.jpg 37,84,145,180,0,0.999954
../img_align_celeba/img_align_celeba/004742.jpg 45,81,139,185,0,0.999964 13,145,57,196,0,0.002404
../img_align_celeba/img_align_celeba/004148.jpg 46,72,134,190,0,0.999966 141,88,178,139,0,0.012095
../img_align_celeba/img_align_celeba/001879.jpg 39,73,137,186,0,0.999937 0,18,32,71,0,0.001845
../img_align_celeba/img_align_celeba/002459.jpg 40,80,142,183,0,0.999964 114,145,154,197,0,0.008174 125,27,164,80,0,0.004720 122,86,162,139,0,0.002041 113,176,155,218,0,0.001767 122,60,163,113,0,0.001573 163,18,178,71,0,0.001291 123,116,162,177,0,0.001175 46,178,91,218,0,0.001083 163,85,178,138,0,0.001056
../img_align_celeba/img_align_celeba/000092.jpg 39,84,142,179,0,0.999956 113,9,155,65,0,0.061239 0,111,32,164,0,0.028779 145,151,178,202,0,0.015365 121,34,163,88,0,0.007352 0,84,33,139,0,0.002512 138,8,178,64,0,0.001628
../img_align_celeba/img_align_celeba/001722.jpg 40,81,141,178,0,0.999885 139,10,178,64,0,0.002597 98,1,146,49,0,0.002211
../img_align_celeba/img_align_celeba/000694.jpg 37,84,144,181,0,0.999930
../img_align_celeba/img_align_celeba/003329.jpg 41,79,143,184,0,0.999960 114,178,156,218,0,0.060932 14,134,58,191,0,0.007358
